{
 "cells": [
  {
   "cell_type": "code",
   "execution_count": 11,
   "metadata": {
    "collapsed": false
   },
   "outputs": [
    {
     "name": "stderr",
     "output_type": "stream",
     "text": [
      "pausing 1 second between requests for more than 5 symbols\n",
      "pausing 1 second between requests for more than 5 symbols\n",
      "pausing 1 second between requests for more than 5 symbols\n",
      "pausing 1 second between requests for more than 5 symbols\n"
     ]
    },
    {
     "data": {
      "text/html": [
       "<ol class=list-inline>\n",
       "\t<li>\"SPY\"</li>\n",
       "\t<li>\"QQQ\"</li>\n",
       "\t<li>\"EEM\"</li>\n",
       "\t<li>\"IWM\"</li>\n",
       "\t<li>\"EFA\"</li>\n",
       "\t<li>\"TLT\"</li>\n",
       "\t<li>\"IYR\"</li>\n",
       "\t<li>\"GLD\"</li>\n",
       "</ol>\n"
      ],
      "text/latex": [
       "\\begin{enumerate*}\n",
       "\\item \"SPY\"\n",
       "\\item \"QQQ\"\n",
       "\\item \"EEM\"\n",
       "\\item \"IWM\"\n",
       "\\item \"EFA\"\n",
       "\\item \"TLT\"\n",
       "\\item \"IYR\"\n",
       "\\item \"GLD\"\n",
       "\\end{enumerate*}\n"
      ],
      "text/markdown": [
       "1. \"SPY\"\n",
       "2. \"QQQ\"\n",
       "3. \"EEM\"\n",
       "4. \"IWM\"\n",
       "5. \"EFA\"\n",
       "6. \"TLT\"\n",
       "7. \"IYR\"\n",
       "8. \"GLD\"\n",
       "\n",
       "\n"
      ],
      "text/plain": [
       "[1] \"SPY\" \"QQQ\" \"EEM\" \"IWM\" \"EFA\" \"TLT\" \"IYR\" \"GLD\""
      ]
     },
     "metadata": {},
     "output_type": "display_data"
    }
   ],
   "source": [
    "# load Systematic Investor Toolbox\n",
    "source(gzcon(url('https://github.com/systematicinvestor/SIT/raw/master/sit.gz', 'rb')))\n",
    "\n",
    "load.packages('quantmod')\n",
    "\n",
    "# load historical prices from Yahoo Finance\n",
    "symbols = spl('SPY,QQQ,EEM,IWM,EFA,TLT,IYR,GLD')\n",
    "symbol.names = spl('S&P 500,Nasdaq 100,Emerging Markets,Russell 2000,EAFE,20 Year\n",
    "Treasury,U.S. Real Estate,Gold')\n",
    "\n",
    "getSymbols(symbols, from = '1980-01-01', auto.assign = TRUE)\n",
    "\n",
    "# align dates for all symbols & convert to monthly\n",
    "hist.prices = merge(SPY,QQQ,EEM,IWM,EFA,TLT,IYR,GLD)\n",
    "\tmonth.ends = endpoints(hist.prices, 'months')\n",
    "\thist.prices = Cl(hist.prices)[month.ends, ]\n",
    "\tcolnames(hist.prices) = symbols\n",
    "\n",
    "# remove any missing data\n",
    "hist.prices = na.omit(hist.prices['1995::2010'])\n",
    "\n",
    "# compute simple returns\n",
    "hist.returns = na.omit( ROC(hist.prices, type = 'discrete') )"
   ]
  },
  {
   "cell_type": "code",
   "execution_count": 14,
   "metadata": {
    "collapsed": false
   },
   "outputs": [
    {
     "data": {
      "text/plain": [
       "              SPY   QQQ    EEM    IWM    EFA   TLT    IYR   GLD\n",
       "2004-11-30 117.89 39.12 195.06 126.88 155.25 86.94 118.33 45.12\n",
       "2004-12-31 120.87 39.92 201.85 129.50 160.25 88.55 123.20 43.80\n",
       "2005-01-31 118.16 37.40 200.78 124.24 157.20 91.71 112.70 42.22\n",
       "2005-02-28 120.63 37.22 220.22 126.28 163.15 90.02 116.46 43.53\n",
       "2005-03-31 117.96 36.57 202.80 122.15 158.87 89.33 112.20 42.82"
      ]
     },
     "metadata": {},
     "output_type": "display_data"
    }
   ],
   "source": [
    "hist.prices[0:5]"
   ]
  },
  {
   "cell_type": "code",
   "execution_count": 15,
   "metadata": {
    "collapsed": false
   },
   "outputs": [
    {
     "data": {
      "text/plain": [
       "                   SPY          QQQ          EEM         IWM         EFA\n",
       "2004-12-31  0.02527784  0.020449873  0.034810053  0.02064946  0.03220622\n",
       "2005-01-31 -0.02242077 -0.063126155 -0.005301045 -0.04061778 -0.01903282\n",
       "2005-02-28  0.02090380 -0.004812861  0.096822380  0.01641984  0.03784980\n",
       "2005-03-31 -0.02213378 -0.017463756 -0.079102828 -0.03270508 -0.02623345\n",
       "2005-04-29 -0.01873516 -0.043478261 -0.012475332 -0.05656982 -0.01617682\n",
       "                    TLT         IYR         GLD\n",
       "2004-12-31  0.018518530  0.04115605 -0.02925532\n",
       "2005-01-31  0.035686007 -0.08522727 -0.03607301\n",
       "2005-02-28 -0.018427674  0.03336293  0.03102790\n",
       "2005-03-31 -0.007664908 -0.03657910 -0.01631057\n",
       "2005-04-29  0.034814731  0.05623891  0.01237735"
      ]
     },
     "metadata": {},
     "output_type": "display_data"
    }
   ],
   "source": [
    "hist.returns[0:5]"
   ]
  },
  {
   "cell_type": "code",
   "execution_count": 16,
   "metadata": {
    "collapsed": true
   },
   "outputs": [],
   "source": [
    "# compute historical returns, risk, and correlation\n",
    "ia = list()\n",
    "ia$expected.return = apply(hist.returns, 2, mean, na.rm = T)\n",
    "ia$risk = apply(hist.returns, 2, sd, na.rm = T)\n",
    "ia$correlation = cor(hist.returns, use = 'complete.obs', method = 'pearson')\n",
    "\n",
    "ia$symbols = symbols\n",
    "ia$symbol.names = symbol.names\n",
    "ia$n = len(symbols)\n",
    "ia$hist.returns = hist.returns\n",
    "\n",
    "# convert to annual, year = 12 months\n",
    "annual.factor = 12\n",
    "ia$expected.return = annual.factor * ia$expected.return\n",
    "ia$risk = sqrt(annual.factor) * ia$risk\n",
    "\n",
    "# compute covariance matrix\n",
    "ia$risk = iif(ia$risk == 0, 0.000001, ia$risk)\n",
    "ia$cov = ia$cor * (ia$risk %*% t(ia$risk))"
   ]
  },
  {
   "cell_type": "code",
   "execution_count": 17,
   "metadata": {
    "collapsed": false
   },
   "outputs": [
    {
     "data": {
      "text/html": [
       "<dl class=dl-horizontal>\n",
       "\t<dt>SPY</dt>\n",
       "\t\t<dd>0.0241978608039522</dd>\n",
       "\t<dt>QQQ</dt>\n",
       "\t\t<dd>0.076297479259266</dd>\n",
       "\t<dt>EEM</dt>\n",
       "\t\t<dd>-0.0504096239629886</dd>\n",
       "\t<dt>IWM</dt>\n",
       "\t\t<dd>-0.0279794611603337</dd>\n",
       "\t<dt>EFA</dt>\n",
       "\t\t<dd>-0.0694983435804362</dd>\n",
       "\t<dt>TLT</dt>\n",
       "\t\t<dd>0.0223191478764992</dd>\n",
       "\t<dt>IYR</dt>\n",
       "\t\t<dd>-0.0502055595853365</dd>\n",
       "\t<dt>GLD</dt>\n",
       "\t\t<dd>0.202524414900582</dd>\n",
       "</dl>\n"
      ],
      "text/latex": [
       "\\begin{description*}\n",
       "\\item[SPY] 0.0241978608039522\n",
       "\\item[QQQ] 0.076297479259266\n",
       "\\item[EEM] -0.0504096239629886\n",
       "\\item[IWM] -0.0279794611603337\n",
       "\\item[EFA] -0.0694983435804362\n",
       "\\item[TLT] 0.0223191478764992\n",
       "\\item[IYR] -0.0502055595853365\n",
       "\\item[GLD] 0.202524414900582\n",
       "\\end{description*}\n"
      ],
      "text/markdown": [
       "SPY\n",
       ":   0.0241978608039522QQQ\n",
       ":   0.076297479259266EEM\n",
       ":   -0.0504096239629886IWM\n",
       ":   -0.0279794611603337EFA\n",
       ":   -0.0694983435804362TLT\n",
       ":   0.0223191478764992IYR\n",
       ":   -0.0502055595853365GLD\n",
       ":   0.202524414900582\n",
       "\n"
      ],
      "text/plain": [
       "        SPY         QQQ         EEM         IWM         EFA         TLT \n",
       " 0.02419786  0.07629748 -0.05040962 -0.02797946 -0.06949834  0.02231915 \n",
       "        IYR         GLD \n",
       "-0.05020556  0.20252441 "
      ]
     },
     "metadata": {},
     "output_type": "display_data"
    }
   ],
   "source": [
    "ia$expected.return"
   ]
  },
  {
   "cell_type": "code",
   "execution_count": 18,
   "metadata": {
    "collapsed": false
   },
   "outputs": [
    {
     "data": {
      "text/html": [
       "<dl class=dl-horizontal>\n",
       "\t<dt>SPY</dt>\n",
       "\t\t<dd>0.163668338093971</dd>\n",
       "\t<dt>QQQ</dt>\n",
       "\t\t<dd>0.208235973653197</dd>\n",
       "\t<dt>EEM</dt>\n",
       "\t\t<dd>0.473366606708102</dd>\n",
       "\t<dt>IWM</dt>\n",
       "\t\t<dd>0.289073945109023</dd>\n",
       "\t<dt>EFA</dt>\n",
       "\t\t<dd>0.341388560505159</dd>\n",
       "\t<dt>TLT</dt>\n",
       "\t\t<dd>0.137644807003599</dd>\n",
       "\t<dt>IYR</dt>\n",
       "\t\t<dd>0.350754840002407</dd>\n",
       "\t<dt>GLD</dt>\n",
       "\t\t<dd>0.183047059251835</dd>\n",
       "</dl>\n"
      ],
      "text/latex": [
       "\\begin{description*}\n",
       "\\item[SPY] 0.163668338093971\n",
       "\\item[QQQ] 0.208235973653197\n",
       "\\item[EEM] 0.473366606708102\n",
       "\\item[IWM] 0.289073945109023\n",
       "\\item[EFA] 0.341388560505159\n",
       "\\item[TLT] 0.137644807003599\n",
       "\\item[IYR] 0.350754840002407\n",
       "\\item[GLD] 0.183047059251835\n",
       "\\end{description*}\n"
      ],
      "text/markdown": [
       "SPY\n",
       ":   0.163668338093971QQQ\n",
       ":   0.208235973653197EEM\n",
       ":   0.473366606708102IWM\n",
       ":   0.289073945109023EFA\n",
       ":   0.341388560505159TLT\n",
       ":   0.137644807003599IYR\n",
       ":   0.350754840002407GLD\n",
       ":   0.183047059251835\n",
       "\n"
      ],
      "text/plain": [
       "      SPY       QQQ       EEM       IWM       EFA       TLT       IYR       GLD \n",
       "0.1636683 0.2082360 0.4733666 0.2890739 0.3413886 0.1376448 0.3507548 0.1830471 "
      ]
     },
     "metadata": {},
     "output_type": "display_data"
    }
   ],
   "source": [
    "ia$risk"
   ]
  },
  {
   "cell_type": "code",
   "execution_count": 19,
   "metadata": {
    "collapsed": false
   },
   "outputs": [
    {
     "data": {
      "text/html": [
       "<table>\n",
       "<thead><tr><th></th><th scope=col>SPY</th><th scope=col>QQQ</th><th scope=col>EEM</th><th scope=col>IWM</th><th scope=col>EFA</th><th scope=col>TLT</th><th scope=col>IYR</th><th scope=col>GLD</th></tr></thead>\n",
       "<tbody>\n",
       "\t<tr><th scope=row>SPY</th><td> 0.026787325</td><td> 0.030633850</td><td> 0.039449168</td><td> 0.032498402</td><td> 0.031718535</td><td>-0.004934688</td><td> 0.038923796</td><td> 0.001941052</td></tr>\n",
       "\t<tr><th scope=row>QQQ</th><td> 0.030633850</td><td> 0.043362221</td><td> 0.050054608</td><td> 0.042653618</td><td> 0.038680508</td><td>-0.009027080</td><td> 0.045503671</td><td>-0.001266386</td></tr>\n",
       "\t<tr><th scope=row>EEM</th><td> 0.039449168</td><td> 0.050054608</td><td> 0.224075944</td><td> 0.095068717</td><td> 0.127689446</td><td>-0.007254868</td><td> 0.102253198</td><td> 0.014251736</td></tr>\n",
       "\t<tr><th scope=row>IWM</th><td> 0.032498402</td><td> 0.042653618</td><td> 0.095068717</td><td> 0.083563746</td><td> 0.089199643</td><td>-0.008998478</td><td> 0.090322682</td><td>-0.001282794</td></tr>\n",
       "\t<tr><th scope=row>EFA</th><td> 0.031718535</td><td> 0.038680508</td><td> 0.127689446</td><td> 0.089199643</td><td> 0.116546149</td><td>-0.005005184</td><td> 0.098256060</td><td> 0.004108695</td></tr>\n",
       "\t<tr><th scope=row>TLT</th><td>-0.004934688</td><td>-0.009027080</td><td>-0.007254868</td><td>-0.008998478</td><td>-0.005005184</td><td> 0.018946093</td><td>-0.005983554</td><td> 0.003909967</td></tr>\n",
       "\t<tr><th scope=row>IYR</th><td> 0.038923796</td><td> 0.045503671</td><td> 0.102253198</td><td> 0.090322682</td><td> 0.098256060</td><td>-0.005983554</td><td> 0.123028958</td><td> 0.001402420</td></tr>\n",
       "\t<tr><th scope=row>GLD</th><td> 0.001941052</td><td>-0.001266386</td><td> 0.014251736</td><td>-0.001282794</td><td> 0.004108695</td><td> 0.003909967</td><td> 0.001402420</td><td> 0.033506226</td></tr>\n",
       "</tbody>\n",
       "</table>\n"
      ],
      "text/latex": [
       "\\begin{tabular}{r|llllllll}\n",
       "  & SPY & QQQ & EEM & IWM & EFA & TLT & IYR & GLD\\\\\n",
       "\\hline\n",
       "\tSPY &  0.026787325 &  0.030633850 &  0.039449168 &  0.032498402 &  0.031718535 & -0.004934688 &  0.038923796 &  0.001941052\\\\\n",
       "\tQQQ &  0.030633850 &  0.043362221 &  0.050054608 &  0.042653618 &  0.038680508 & -0.009027080 &  0.045503671 & -0.001266386\\\\\n",
       "\tEEM &  0.039449168 &  0.050054608 &  0.224075944 &  0.095068717 &  0.127689446 & -0.007254868 &  0.102253198 &  0.014251736\\\\\n",
       "\tIWM &  0.032498402 &  0.042653618 &  0.095068717 &  0.083563746 &  0.089199643 & -0.008998478 &  0.090322682 & -0.001282794\\\\\n",
       "\tEFA &  0.031718535 &  0.038680508 &  0.127689446 &  0.089199643 &  0.116546149 & -0.005005184 &  0.098256060 &  0.004108695\\\\\n",
       "\tTLT & -0.004934688 & -0.009027080 & -0.007254868 & -0.008998478 & -0.005005184 &  0.018946093 & -0.005983554 &  0.003909967\\\\\n",
       "\tIYR &  0.038923796 &  0.045503671 &  0.102253198 &  0.090322682 &  0.098256060 & -0.005983554 &  0.123028958 &  0.001402420\\\\\n",
       "\tGLD &  0.001941052 & -0.001266386 &  0.014251736 & -0.001282794 &  0.004108695 &  0.003909967 &  0.001402420 &  0.033506226\\\\\n",
       "\\end{tabular}\n"
      ],
      "text/markdown": [
       "1. 0.0267873248944423\n",
       "2. 0.0306338497708918\n",
       "3. 0.039449167513528\n",
       "4. 0.0324984019487866\n",
       "5. 0.0317185351938979\n",
       "6. -0.00493468784867961\n",
       "7. 0.0389237956815588\n",
       "8. 0.00194105186147233\n",
       "9. 0.0306338497708918\n",
       "10. 0.0433622207232948\n",
       "11. 0.0500546084291913\n",
       "12. 0.0426536183839144\n",
       "13. 0.0386805077934843\n",
       "14. -0.00902708042601667\n",
       "15. 0.0455036712141323\n",
       "16. -0.0012663862530448\n",
       "17. 0.039449167513528\n",
       "18. 0.0500546084291913\n",
       "19. 0.224075944346343\n",
       "20. 0.0950687169076204\n",
       "21. 0.127689446279481\n",
       "22. -0.00725486778756877\n",
       "23. 0.102253197782599\n",
       "24. 0.0142517360043701\n",
       "25. 0.0324984019487866\n",
       "26. 0.0426536183839144\n",
       "27. 0.0950687169076204\n",
       "28. 0.0835637457408944\n",
       "29. 0.0891996426666054\n",
       "30. -0.00899847756173294\n",
       "31. 0.0903226822603107\n",
       "32. -0.0012827936112887\n",
       "33. 0.0317185351938979\n",
       "34. 0.0386805077934843\n",
       "35. 0.127689446279481\n",
       "36. 0.0891996426666054\n",
       "37. 0.116546149243785\n",
       "38. -0.00500518412028151\n",
       "39. 0.0982560598993179\n",
       "40. 0.00410869460670209\n",
       "41. -0.00493468784867961\n",
       "42. -0.00902708042601667\n",
       "43. -0.00725486778756877\n",
       "44. -0.00899847756173294\n",
       "45. -0.00500518412028151\n",
       "46. 0.018946092895058\n",
       "47. -0.00598355402789171\n",
       "48. 0.00390996658226467\n",
       "49. 0.0389237956815588\n",
       "50. 0.0455036712141323\n",
       "51. 0.102253197782599\n",
       "52. 0.0903226822603107\n",
       "53. 0.0982560598993179\n",
       "54. -0.00598355402789171\n",
       "55. 0.123028957785114\n",
       "56. 0.00140242007500088\n",
       "57. 0.00194105186147233\n",
       "58. -0.0012663862530448\n",
       "59. 0.0142517360043701\n",
       "60. -0.0012827936112887\n",
       "61. 0.00410869460670209\n",
       "62. 0.00390996658226467\n",
       "63. 0.00140242007500088\n",
       "64. 0.0335062259007446\n",
       "\n",
       "\n"
      ],
      "text/plain": [
       "             SPY          QQQ          EEM          IWM          EFA\n",
       "SPY  0.026787325  0.030633850  0.039449168  0.032498402  0.031718535\n",
       "QQQ  0.030633850  0.043362221  0.050054608  0.042653618  0.038680508\n",
       "EEM  0.039449168  0.050054608  0.224075944  0.095068717  0.127689446\n",
       "IWM  0.032498402  0.042653618  0.095068717  0.083563746  0.089199643\n",
       "EFA  0.031718535  0.038680508  0.127689446  0.089199643  0.116546149\n",
       "TLT -0.004934688 -0.009027080 -0.007254868 -0.008998478 -0.005005184\n",
       "IYR  0.038923796  0.045503671  0.102253198  0.090322682  0.098256060\n",
       "GLD  0.001941052 -0.001266386  0.014251736 -0.001282794  0.004108695\n",
       "             TLT          IYR          GLD\n",
       "SPY -0.004934688  0.038923796  0.001941052\n",
       "QQQ -0.009027080  0.045503671 -0.001266386\n",
       "EEM -0.007254868  0.102253198  0.014251736\n",
       "IWM -0.008998478  0.090322682 -0.001282794\n",
       "EFA -0.005005184  0.098256060  0.004108695\n",
       "TLT  0.018946093 -0.005983554  0.003909967\n",
       "IYR -0.005983554  0.123028958  0.001402420\n",
       "GLD  0.003909967  0.001402420  0.033506226"
      ]
     },
     "metadata": {},
     "output_type": "display_data"
    }
   ],
   "source": [
    "ia$cov"
   ]
  },
  {
   "cell_type": "code",
   "execution_count": 23,
   "metadata": {
    "collapsed": false
   },
   "outputs": [
    {
     "data": {
      "text/html": [
       "<table>\n",
       "<thead><tr><th></th><th scope=col>SPY</th><th scope=col>QQQ</th><th scope=col>EEM</th><th scope=col>IWM</th><th scope=col>EFA</th><th scope=col>TLT</th><th scope=col>IYR</th><th scope=col>GLD</th></tr></thead>\n",
       "<tbody>\n",
       "\t<tr><th scope=row>SPY</th><td> 1.00000000</td><td> 0.89883743</td><td> 0.50918494</td><td> 0.68689188</td><td> 0.56767463</td><td>-0.21904593</td><td> 0.67802677</td><td> 0.06479026</td></tr>\n",
       "\t<tr><th scope=row>QQQ</th><td> 0.89883743</td><td> 1.00000000</td><td> 0.50779766</td><td> 0.70858372</td><td> 0.54411092</td><td>-0.31494283</td><td> 0.62299851</td><td>-0.03322368</td></tr>\n",
       "\t<tr><th scope=row>EEM</th><td> 0.5091849</td><td> 0.5077977</td><td> 1.0000000</td><td> 0.6947540</td><td> 0.7901480</td><td>-0.1113453</td><td> 0.6158509</td><td> 0.1644778</td></tr>\n",
       "\t<tr><th scope=row>IWM</th><td> 0.68689188</td><td> 0.70858372</td><td> 0.69475402</td><td> 1.00000000</td><td> 0.90386839</td><td>-0.22615191</td><td> 0.89080820</td><td>-0.02424293</td></tr>\n",
       "\t<tr><th scope=row>EFA</th><td> 0.56767463</td><td> 0.54411092</td><td> 0.79014796</td><td> 0.90386839</td><td> 1.00000000</td><td>-0.10651512</td><td> 0.82055313</td><td> 0.06574945</td></tr>\n",
       "\t<tr><th scope=row>TLT</th><td>-0.2190459</td><td>-0.3149428</td><td>-0.1113453</td><td>-0.2261519</td><td>-0.1065151</td><td> 1.0000000</td><td>-0.1239355</td><td> 0.1551853</td></tr>\n",
       "\t<tr><th scope=row>IYR</th><td> 0.67802677</td><td> 0.62299851</td><td> 0.61585094</td><td> 0.89080820</td><td> 0.82055313</td><td>-0.12393550</td><td> 1.00000000</td><td> 0.02184297</td></tr>\n",
       "\t<tr><th scope=row>GLD</th><td> 0.06479026</td><td>-0.03322368</td><td> 0.16447784</td><td>-0.02424293</td><td> 0.06574945</td><td> 0.15518526</td><td> 0.02184297</td><td> 1.00000000</td></tr>\n",
       "</tbody>\n",
       "</table>\n"
      ],
      "text/latex": [
       "\\begin{tabular}{r|llllllll}\n",
       "  & SPY & QQQ & EEM & IWM & EFA & TLT & IYR & GLD\\\\\n",
       "\\hline\n",
       "\tSPY &  1.00000000 &  0.89883743 &  0.50918494 &  0.68689188 &  0.56767463 & -0.21904593 &  0.67802677 &  0.06479026\\\\\n",
       "\tQQQ &  0.89883743 &  1.00000000 &  0.50779766 &  0.70858372 &  0.54411092 & -0.31494283 &  0.62299851 & -0.03322368\\\\\n",
       "\tEEM &  0.5091849 &  0.5077977 &  1.0000000 &  0.6947540 &  0.7901480 & -0.1113453 &  0.6158509 &  0.1644778\\\\\n",
       "\tIWM &  0.68689188 &  0.70858372 &  0.69475402 &  1.00000000 &  0.90386839 & -0.22615191 &  0.89080820 & -0.02424293\\\\\n",
       "\tEFA &  0.56767463 &  0.54411092 &  0.79014796 &  0.90386839 &  1.00000000 & -0.10651512 &  0.82055313 &  0.06574945\\\\\n",
       "\tTLT & -0.2190459 & -0.3149428 & -0.1113453 & -0.2261519 & -0.1065151 &  1.0000000 & -0.1239355 &  0.1551853\\\\\n",
       "\tIYR &  0.67802677 &  0.62299851 &  0.61585094 &  0.89080820 &  0.82055313 & -0.12393550 &  1.00000000 &  0.02184297\\\\\n",
       "\tGLD &  0.06479026 & -0.03322368 &  0.16447784 & -0.02424293 &  0.06574945 &  0.15518526 &  0.02184297 &  1.00000000\\\\\n",
       "\\end{tabular}\n"
      ],
      "text/markdown": [
       "1. 1\n",
       "2. 0.898837426856795\n",
       "3. 0.509184942797629\n",
       "4. 0.686891882119513\n",
       "5. 0.567674630377088\n",
       "6. -0.219045926977238\n",
       "7. 0.678026766916708\n",
       "8. 0.0647902581661058\n",
       "9. 0.898837426856795\n",
       "10. 1\n",
       "11. 0.507797657032519\n",
       "12. 0.708583722723072\n",
       "13. 0.544110923169365\n",
       "14. -0.314942827885784\n",
       "15. 0.622998507689214\n",
       "16. -0.0332236752861518\n",
       "17. 0.509184942797629\n",
       "18. 0.507797657032519\n",
       "19. 1\n",
       "20. 0.694754015109578\n",
       "21. 0.790147957129365\n",
       "22. -0.11134534195911\n",
       "23. 0.615850939758876\n",
       "24. 0.164477840453771\n",
       "25. 0.686891882119513\n",
       "26. 0.708583722723072\n",
       "27. 0.694754015109578\n",
       "28. 1\n",
       "29. 0.90386839455569\n",
       "30. -0.226151908637232\n",
       "31. 0.89080819590856\n",
       "32. -0.0242429286191341\n",
       "33. 0.567674630377088\n",
       "34. 0.544110923169365\n",
       "35. 0.790147957129365\n",
       "36. 0.90386839455569\n",
       "37. 1\n",
       "38. -0.106515120365978\n",
       "39. 0.82055313282962\n",
       "40. 0.0657494526112121\n",
       "41. -0.219045926977238\n",
       "42. -0.314942827885784\n",
       "43. -0.11134534195911\n",
       "44. -0.226151908637232\n",
       "45. -0.106515120365978\n",
       "46. 1\n",
       "47. -0.123935497120757\n",
       "48. 0.155185256465968\n",
       "49. 0.678026766916708\n",
       "50. 0.622998507689214\n",
       "51. 0.615850939758876\n",
       "52. 0.89080819590856\n",
       "53. 0.82055313282962\n",
       "54. -0.123935497120757\n",
       "55. 1\n",
       "56. 0.0218429700989615\n",
       "57. 0.0647902581661058\n",
       "58. -0.0332236752861518\n",
       "59. 0.164477840453771\n",
       "60. -0.0242429286191341\n",
       "61. 0.0657494526112121\n",
       "62. 0.155185256465968\n",
       "63. 0.0218429700989615\n",
       "64. 1\n",
       "\n",
       "\n"
      ],
      "text/plain": [
       "            SPY         QQQ        EEM         IWM         EFA        TLT\n",
       "SPY  1.00000000  0.89883743  0.5091849  0.68689188  0.56767463 -0.2190459\n",
       "QQQ  0.89883743  1.00000000  0.5077977  0.70858372  0.54411092 -0.3149428\n",
       "EEM  0.50918494  0.50779766  1.0000000  0.69475402  0.79014796 -0.1113453\n",
       "IWM  0.68689188  0.70858372  0.6947540  1.00000000  0.90386839 -0.2261519\n",
       "EFA  0.56767463  0.54411092  0.7901480  0.90386839  1.00000000 -0.1065151\n",
       "TLT -0.21904593 -0.31494283 -0.1113453 -0.22615191 -0.10651512  1.0000000\n",
       "IYR  0.67802677  0.62299851  0.6158509  0.89080820  0.82055313 -0.1239355\n",
       "GLD  0.06479026 -0.03322368  0.1644778 -0.02424293  0.06574945  0.1551853\n",
       "            IYR         GLD\n",
       "SPY  0.67802677  0.06479026\n",
       "QQQ  0.62299851 -0.03322368\n",
       "EEM  0.61585094  0.16447784\n",
       "IWM  0.89080820 -0.02424293\n",
       "EFA  0.82055313  0.06574945\n",
       "TLT -0.12393550  0.15518526\n",
       "IYR  1.00000000  0.02184297\n",
       "GLD  0.02184297  1.00000000"
      ]
     },
     "metadata": {},
     "output_type": "display_data"
    }
   ],
   "source": [
    "ia$cor"
   ]
  },
  {
   "cell_type": "code",
   "execution_count": 26,
   "metadata": {
    "collapsed": false
   },
   "outputs": [
    {
     "data": {
      "text/html": [
       "<table>\n",
       "<thead><tr><th scope=col>SPY</th><th scope=col>QQQ</th><th scope=col>EEM</th><th scope=col>IWM</th><th scope=col>EFA</th><th scope=col>TLT</th><th scope=col>IYR</th><th scope=col>GLD</th></tr></thead>\n",
       "<tbody>\n",
       "\t<tr><td>0.02678732</td><td>0.03408164</td><td>0.07747513</td><td>0.04731225</td><td>0.05587450</td><td>0.02252810</td><td>0.05740746</td><td>0.02995901</td></tr>\n",
       "\t<tr><td>0.03408164</td><td>0.04336222</td><td>0.09857196</td><td>0.06019559</td><td>0.07108938</td><td>0.02866260</td><td>0.07303978</td><td>0.03811698</td></tr>\n",
       "\t<tr><td>0.07747513</td><td>0.09857196</td><td>0.22407594</td><td>0.13683795</td><td>0.16160194</td><td>0.06515646</td><td>0.16603563</td><td>0.08664837</td></tr>\n",
       "\t<tr><td>0.04731225</td><td>0.06019559</td><td>0.13683795</td><td>0.08356375</td><td>0.09868654</td><td>0.03978953</td><td>0.10139409</td><td>0.05291414</td></tr>\n",
       "\t<tr><td>0.05587450</td><td>0.07108938</td><td>0.16160194</td><td>0.09868654</td><td>0.11654615</td><td>0.04699036</td><td>0.11974369</td><td>0.06249017</td></tr>\n",
       "\t<tr><td>0.02252810</td><td>0.02866260</td><td>0.06515646</td><td>0.03978953</td><td>0.04699036</td><td>0.01894609</td><td>0.04827958</td><td>0.02519548</td></tr>\n",
       "\t<tr><td>0.05740746</td><td>0.07303978</td><td>0.16603563</td><td>0.10139409</td><td>0.11974369</td><td>0.04827958</td><td>0.12302896</td><td>0.06420464</td></tr>\n",
       "\t<tr><td>0.02995901</td><td>0.03811698</td><td>0.08664837</td><td>0.05291414</td><td>0.06249017</td><td>0.02519548</td><td>0.06420464</td><td>0.03350623</td></tr>\n",
       "</tbody>\n",
       "</table>\n"
      ],
      "text/latex": [
       "\\begin{tabular}{llllllll}\n",
       " SPY & QQQ & EEM & IWM & EFA & TLT & IYR & GLD\\\\\n",
       "\\hline\n",
       "\t 0.02678732 & 0.03408164 & 0.07747513 & 0.04731225 & 0.05587450 & 0.02252810 & 0.05740746 & 0.02995901\\\\\n",
       "\t 0.03408164 & 0.04336222 & 0.09857196 & 0.06019559 & 0.07108938 & 0.02866260 & 0.07303978 & 0.03811698\\\\\n",
       "\t 0.07747513 & 0.09857196 & 0.22407594 & 0.13683795 & 0.16160194 & 0.06515646 & 0.16603563 & 0.08664837\\\\\n",
       "\t 0.04731225 & 0.06019559 & 0.13683795 & 0.08356375 & 0.09868654 & 0.03978953 & 0.10139409 & 0.05291414\\\\\n",
       "\t 0.05587450 & 0.07108938 & 0.16160194 & 0.09868654 & 0.11654615 & 0.04699036 & 0.11974369 & 0.06249017\\\\\n",
       "\t 0.02252810 & 0.02866260 & 0.06515646 & 0.03978953 & 0.04699036 & 0.01894609 & 0.04827958 & 0.02519548\\\\\n",
       "\t 0.05740746 & 0.07303978 & 0.16603563 & 0.10139409 & 0.11974369 & 0.04827958 & 0.12302896 & 0.06420464\\\\\n",
       "\t 0.02995901 & 0.03811698 & 0.08664837 & 0.05291414 & 0.06249017 & 0.02519548 & 0.06420464 & 0.03350623\\\\\n",
       "\\end{tabular}\n"
      ],
      "text/markdown": [
       "1. 0.0267873248944423\n",
       "2. 0.0340816357391985\n",
       "3. 0.0774751258290972\n",
       "4. 0.0473122521822614\n",
       "5. 0.0558744983421723\n",
       "6. 0.0225280968095443\n",
       "7. 0.0574074617416104\n",
       "8. 0.0299590079807363\n",
       "9. 0.0340816357391985\n",
       "10. 0.0433622207232948\n",
       "11. 0.0985719562427714\n",
       "12. 0.0601955944175481\n",
       "13. 0.0710893792908551\n",
       "14. 0.0286626004047007\n",
       "15. 0.0730397756214724\n",
       "16. 0.0381169826076602\n",
       "17. 0.0774751258290972\n",
       "18. 0.0985719562427714\n",
       "19. 0.224075944346343\n",
       "20. 0.136837952483982\n",
       "21. 0.161601944455291\n",
       "22. 0.0651564552222852\n",
       "23. 0.166035628398382\n",
       "24. 0.0866483653059378\n",
       "25. 0.0473122521822614\n",
       "26. 0.0601955944175481\n",
       "27. 0.136837952483982\n",
       "28. 0.0835637457408944\n",
       "29. 0.0986865380003167\n",
       "30. 0.0397895273843004\n",
       "31. 0.10139408536558\n",
       "32. 0.0529141355585329\n",
       "33. 0.0558744983421723\n",
       "34. 0.0710893792908551\n",
       "35. 0.161601944455291\n",
       "36. 0.0986865380003167\n",
       "37. 0.116546149243785\n",
       "38. 0.046990362523969\n",
       "39. 0.119743689918639\n",
       "40. 0.0624901720626864\n",
       "41. 0.0225280968095443\n",
       "42. 0.0286626004047007\n",
       "43. 0.0651564552222852\n",
       "44. 0.0397895273843004\n",
       "45. 0.046990362523969\n",
       "46. 0.018946092895058\n",
       "47. 0.0482795822577094\n",
       "48. 0.0251954771432951\n",
       "49. 0.0574074617416104\n",
       "50. 0.0730397756214724\n",
       "51. 0.166035628398382\n",
       "52. 0.10139408536558\n",
       "53. 0.119743689918639\n",
       "54. 0.0482795822577094\n",
       "55. 0.123028957785114\n",
       "56. 0.0642046419807883\n",
       "57. 0.0299590079807363\n",
       "58. 0.0381169826076602\n",
       "59. 0.0866483653059378\n",
       "60. 0.0529141355585329\n",
       "61. 0.0624901720626864\n",
       "62. 0.0251954771432951\n",
       "63. 0.0642046419807883\n",
       "64. 0.0335062259007446\n",
       "\n",
       "\n"
      ],
      "text/plain": [
       "            SPY        QQQ        EEM        IWM        EFA        TLT\n",
       "[1,] 0.02678732 0.03408164 0.07747513 0.04731225 0.05587450 0.02252810\n",
       "[2,] 0.03408164 0.04336222 0.09857196 0.06019559 0.07108938 0.02866260\n",
       "[3,] 0.07747513 0.09857196 0.22407594 0.13683795 0.16160194 0.06515646\n",
       "[4,] 0.04731225 0.06019559 0.13683795 0.08356375 0.09868654 0.03978953\n",
       "[5,] 0.05587450 0.07108938 0.16160194 0.09868654 0.11654615 0.04699036\n",
       "[6,] 0.02252810 0.02866260 0.06515646 0.03978953 0.04699036 0.01894609\n",
       "[7,] 0.05740746 0.07303978 0.16603563 0.10139409 0.11974369 0.04827958\n",
       "[8,] 0.02995901 0.03811698 0.08664837 0.05291414 0.06249017 0.02519548\n",
       "            IYR        GLD\n",
       "[1,] 0.05740746 0.02995901\n",
       "[2,] 0.07303978 0.03811698\n",
       "[3,] 0.16603563 0.08664837\n",
       "[4,] 0.10139409 0.05291414\n",
       "[5,] 0.11974369 0.06249017\n",
       "[6,] 0.04827958 0.02519548\n",
       "[7,] 0.12302896 0.06420464\n",
       "[8,] 0.06420464 0.03350623"
      ]
     },
     "metadata": {},
     "output_type": "display_data"
    }
   ],
   "source": [
    "ia$risk %*% t(ia$risk)"
   ]
  },
  {
   "cell_type": "code",
   "execution_count": null,
   "metadata": {
    "collapsed": true
   },
   "outputs": [],
   "source": []
  }
 ],
 "metadata": {
  "kernelspec": {
   "display_name": "R",
   "language": "R",
   "name": "ir"
  },
  "language_info": {
   "codemirror_mode": "r",
   "file_extension": ".r",
   "mimetype": "text/x-r-source",
   "name": "R",
   "pygments_lexer": "r",
   "version": "3.3.1"
  }
 },
 "nbformat": 4,
 "nbformat_minor": 0
}
